200
-0.8946544843913088 -1.1671110943144833 1.8739479464045155
4.82067329972438 -0.745016077447331 0.9636276608108655
-2.6484637781991602 -3.1607337532860336 -0.45138637682897115
-3.0337818425002467 2.934720844909233 -2.6067373249321375
-1.6123511222958888 1.1401968440146442 -2.4061323623798363
-2.448101128383562 3.0231217969799777 5.769294462254908
5.394705018521556 -1.7037905480660744 1.9035190817209506
-2.9179211497965367 -5.157870323719999 1.13150250017168
1.2050568621277162 5.958230010605649 -1.100274415328125
-1.2048581133855045 9.692734300579044 2.186887941751019
-0.06250239185712228 -2.26593599556751 5.411948291236883
3.681456070027796 -1.487076029619057 -2.5283058212101794
2.077683719158802 -0.37266233999057763 6.073946267249331
-0.4091228183093851 -3.0503332093765843 0.6269802953341291
-1.082486105927771 4.573728200329861 0.8335568415624907
3.7172867286737836 -1.249318080639987 5.231070711546017
-3.172073668641385 -4.3921778641743865 0.33911315708080086
2.6406324172111204 4.255158210434626 0.5450684846886842
-2.4100410875795886 -2.1366619784182816 -2.0908916365397743
3.4467967078772888 -4.908401574409797 -1.3890817049878628
-1.7446339481066764 1.5118386974661702 0.30212245054964554
-1.0671206111646538 -1.1493322445108098 3.7023980634144817
-1.333664419052953 3.572444199200178 2.0265537851681334
3.281991682550543 -2.219158224881991 -3.538205771274289
-1.9755072568145413 2.1899233016196886 -1.9338889929193122
-3.4294731278549313 3.396089606387688 4.516080565523579
-2.7858502694258274 -0.5654015643005905 -3.21365535253084
1.1762316525332233 1.0678963739861953 5.252555149917028
-1.8686659182350913 0.7749082456017491 -0.37193818865141626
-0.12082020661723022 -3.664697619250946 -4.2558166805752915
-4.021715977821916 0.28447093275248275 0.8851006596385028
-3.2694319685391755 2.6016831801341582 3.3410027081817475
0.5809123688957782 0.1643150954306654 0.9054527746242386
1.837157761271331 1.2946472936617686 -2.8292763192134625
1.700597317638304 -1.1310453220136267 -5.679525082324231
0.5871931861996289 -1.2533359694527322 2.2627135596740477
2.758474780680704 -0.5126958185739934 -2.521402495491267
-1.692771266480865 -1.1502458083847023 0.5631765221105045
1.3046336009374677 1.6697065680245378 -2.1959417085117505
1.298408724499395 -1.8578336213338411 -1.7019341822385947
2.0141528168132186 -0.8634816509101819 -1.5242949619258082
2.77442976140838 -3.496184931995487 1.426081040157224
8.433680087210067 -0.791624656304858 1.7758572378066193
-2.3270094446916145 -1.2791869829133227 1.736601052957544
-3.082577855379656 3.0533858571488794 -4.596139713605683
-2.9437268358376065 0.011940364681204213 -1.7626695003848913
2.2964629498979363 4.168894803152278 -0.6324520715229195
2.718838027428805 -0.8537622976714694 3.0749945172448965
-4.206130789839013 -3.2384180665417617 2.719802239982345
2.1752251860200205 -0.700412587418764 0.24932499254271923
1.175751465499124 0.7610167313041091 7.577143522372802
1.360159823722843 6.074802512113468 -0.7185267394101921
1.8828387062772043 0.36708962115795324 0.8350403327358967
-1.455502423087977 0.02683806357843642 -3.1607787995568115
6.707559485422744 -3.2654713945296647 1.7981247249088608
2.1528960509491353 -0.2695257235841021 -0.6640816064507808
-0.4880112406785104 0.917244401645362 -0.80213797697882
0.399605438522036 2.6126043243798667 -1.4934063283919397
-1.3364132708920993 -2.8392692534280277 3.687636618767626
-2.8863987485786757 1.7908170059774422 2.09472059322261
-2.5634247668946815 -1.4196244555936424 -1.2249492595276503
-1.79051908578339 2.177396438447563 0.7723035041207813
-4.376980148530912 5.451461780578556 2.4860135893881576
0.44827517247672805 1.4801105157474665 -2.442454115768208
-1.775935091824769 4.150646942168525 1.6465574291004899
1.7473044044551234 -0.11945387625739583 1.0406682335115842
-1.8618099840168354 -1.3558020641451074 1.7450957245846175
-1.475601786690161 -2.8592716782038816 1.5705060966861781
1.1720152614935921 0.850834783219525 -3.8368437687218524
1.9329984325078504 -0.05415018781295784 2.3579709561671938
0.1830356693337581 -1.1254341483507206 0.4742371319407819
1.616857666807305 -0.8607034092457249 0.8744494205535022
1.610703005965367 1.1722150040154586 1.5259927451669204
4.418343750660252 -2.66376506457845 -0.7839442991276074
-0.6186335726174218 -0.6682336419167446 0.017959282199367453
-2.7121815252195924 2.821479653996268 -0.4392680262963816
1.1812876608718985 -1.0090734524888239 2.397544771988885
0.5647440543348063 -4.006069888319567 -2.4169209918854495
3.9238370486917264 0.639951141740005 -4.710625704874673
-1.2493123812713984 1.700492658316924 -3.751542776299545
0.015760050456642978 -2.8490150065312356 -1.5391089367689106
4.638776198758543 1.2434932520878037 3.306567432955636
3.592446570231421 -3.807661883372893 -4.082575126491467
-1.3073693177874903 -0.7173432058030055 -0.8893664404450949
0.39427453577254584 -3.031772927712717 0.27307973761375426
-1.4545291501863233 2.5670996428759003 2.708801339734348
-1.135628998890521 -4.653994856787418 -1.6867580413669296
2.243138386389283 2.9778810148192694 -0.010013845116161026
-0.3445012348866089 -0.24731797570104933 5.293280201304613
2.5469996849555026 1.3914796648840053 -1.8573724095179216
8.703920628488664 -3.4399263473017747 2.587450396848742
-0.7656947671425687 -1.924645095737979 1.9732162578383576
-2.1263562375177423 -1.2668845867830096 -0.15496507416674898
-0.44568743002550026 2.5016728525660343 -4.218008490537096
-2.9308166549092354 1.4248649442512267 -2.5678692952495163
3.7659432632002776 -0.6013185201985436 3.4919787116890952
-5.140753101568889 -3.878744759952906 2.820773147374523
4.275759347047484 1.598512450415617 -3.074292936096505
-4.490583672715386 0.8362127885991733 -3.127295635491151
2.582223909076152 -0.446103971455431 -2.8456202010603495
-1.5903020303179591 -1.078362516382687 -1.9329063507838744
1.8914046622307399 1.9702924581734795 1.4629011019756883
3.717842178490185 0.4100397341192293 3.697711602690018
3.03242397622487 5.8038688874025475 3.108570603355379
1.778660656351855 -1.16960851803167 -1.0919099372145336
2.199392607777201 3.691845481819633 2.0228419001822777
3.6959255466714893 -1.4140240334046097 0.008470712745554373
-2.003341830161453 0.5010167262302669 2.7268568879078665
-2.296063698395707 0.6871531705860588 -3.776684096661214
-3.886543260345992 -0.27022250547348864 -4.271663134900258
3.7480462146664415 -0.8575337754167559 -1.3470813361807092
-0.8627494830952753 2.5153548687083505 -3.9148532447929028
-5.294123497336665 0.5517588253329343 -1.9883437154113417
3.599850155894942 3.0005231422749827 2.4715024033279644
1.7452482249591894 1.2081220000585473 -2.8386318443143437
4.726851164300095 -1.183001679594619 4.1245488461618764
0.5406801137608072 3.196042321568646 0.17051817508338749
-1.2634509251035395 5.028716151398446 0.018875959462375094
-1.9132058181152027 -0.4723484162384489 2.214153216099261
-2.7528780479195465 -0.02081220597568844 -1.8273947380744706
2.570820007748607 -2.636812094792562 -1.7023711326437687
2.89258837563188 4.1186508286648325 4.7444431671526885
1.5521705172328413 -0.7039878876166981 0.5738200218071561
5.057164566728584 2.059761209886973 -0.5823574589782957
1.8586608675358618 -0.8865304506173288 -3.23652731625421
-2.0215008054380514 -4.139673896755069 -0.9315184253159309
-2.8719314827549574 -1.2374461900125509 0.8762983545698854
-6.623126965354125 -0.1703111309480208 -1.6843871700539097
0.6534494213931397 -4.922598596542708 2.7134131034420528
-5.026564530248562 -0.7840455376346378 -4.1889329416847545
-0.08273800457712042 3.2229152617925165 -1.5862054389449747
-0.9743405430552627 -2.5179396012776114 -2.7202266706052516
-0.017054828407684516 1.5651339095548016 2.9568350338798695
-4.758227235295184 -0.13620914172029017 1.0313771708005133
0.019322096373115546 -2.139137215005984 -0.9571551588669858
-1.9920642930826258 -1.9212701844073823 0.12520250899125857
-0.007708076651783415 -0.18905023837300042 1.5335713550579742
-0.12677645055006728 3.5268263755290197 -3.608584014954666
-2.38782489472567 -1.1268852246181797 -1.9761322375027015
-3.817059710444023 0.8108074176438838 0.20514137378888136
2.396763167056511 -6.861833022909767 -0.24953028686750447
3.2409827679662095 4.059343862650264 -3.757136355627109
-1.8873919136646458 3.305003428508004 3.540158147441428
2.989931189030614 4.897153851827205 -0.008163098460235342
1.3459223925503765 3.382827443314009 -0.7580080229796873
1.0837278924812155 -3.276736572859888 3.682740438200475
-0.5129831264496835 -1.4923760072240437 0.7308987086062095
2.6425427130564745 3.984740619932835 -2.8302515625437312
5.234852750425086 -2.1908194725535397 -1.0912135131897982
-2.7187937787200367 -1.479992852422674 -1.1298205227868428
5.366708936113705 -0.5147790918598542 -4.620402240743611
-5.164577624465639 2.7217069928989024 1.8297008321827266
1.1201259958476883 -1.899083603211428 -2.6714633154513536
-4.905260608589389 -0.2437471290443254 -2.4286007110126726
-2.3130934857396417 -0.6140813277903844 -2.3336521967076247
2.9447774044075836 0.23695800096934796 6.100359583714298
-2.0477254226168955 0.3906043038131985 -5.458864964232145
-2.404480085549196 3.5925443073969348 1.339034030081571
-1.315781631933577 -0.5389161367575767 1.1288608322743898
-0.6472152152175149 2.940911428290881 2.6833030082511824
-0.5064261100882193 -0.8273179189106397 3.3418393585490347
-1.3454555620248283 -3.0666236914222473 -2.2206075169342774
3.434803321584751 -0.7239477808453898 -2.8346227272809488
-1.9250396730512782 0.7812135815002882 -0.6118366346452219
0.4399251342440359 -1.4411023601141446 -0.13581680395099244
-2.075914268609785 -2.77448939674182 2.567968754003352
-0.25997937865488824 3.4550884491041183 1.6034578962284989
3.818276924984618 -0.7734889615671998 -5.614437939176052
3.0693894349898088 1.1324152202261548 -2.740661646168278
-2.061917821807308 0.7431245100810591 2.734895944168663
0.7915629327223062 -2.8102579481553516 2.6366403352885306
-1.2173241554163459 1.1555945036561586 -1.1800628234408332
-2.2816850195627865 -7.14047765562043 -0.27564620876791035
2.0331064797452076 -2.1045691560934885 -0.1685209152021821
-3.7406178821704836 1.323215618193897 -1.7394651275288158
-2.8988096717718874 -1.518843235586961 1.4481092076259465
2.4644884037291797 2.3630104093333055 1.8097610484697153
2.941870980557903 2.8280813495548625 -4.154030891124725
-2.734509615841947 1.8803397293613464 1.9915119420956051
-3.048034762293265 -3.702980393494014 -0.23678028842854582
-1.4124263029208777 -2.1898734168696397 -2.085514331489727
-4.712608764800935 -0.9251975379627226 2.3855224506151234
-2.3076130338003003 -0.7848787481529177 -1.67277486946354
-1.8982002004731746 -4.0578836817021005 4.151490053270542
2.5280862672612594 2.2703878533389554 -0.953589320219128
0.06074775515815323 1.4374613349736762 -4.789442342217987
2.666081056428228 -4.545506768061075 -2.8778866165418244
2.413457330660783 2.6144198273272417 -0.4011815124729638
-1.0292173167460268 -3.0124414975715292 -1.3421688799316485
-5.178279645394732 -3.6116800803602587 3.5023464218049187
0.12874290788407694 6.592448888450386 -0.8059264086131548
-3.3097294399541264 -0.3973538870701277 2.5300937351249013
1.6085042715058884 2.3838838053293556 4.753185789701229
-2.33271338423745 0.951991980752041 -0.06918219877315382
0.15017478225466663 3.4476427034201773 -1.02800935676141
-3.0701821621717365 0.016983198029178928 -2.44195761931919
0.23347573812355313 -1.062207296761751 -1.7469122199902443
-1.750135141443933 -6.861411641009772 4.887390747101924
0.2741950465070902 -2.35400721211677 -1.1686424633716823
0.2179390654807977 -1.9529787540197712 -2.528387321832824
