200
-2.1834847682038 -2.5696580309549386 0.3049467901624425
5.007518908895916 -0.13782195523843918 4.25848676416271
2.5045561514701378 2.1225587398336585 -0.33504724171339734
-1.3792730078230933 -2.161590009339378 0.24044567308614315
0.8203563237442963 -4.28712235455532 0.7950268703456681
-3.841358101926772 5.129749531421367 -2.811820429268494
-2.914667552753675 1.072172209826307 -4.838988956978023
-0.2672877932550823 -1.6960206608554573 2.7660100823125875
3.2829882453704764 -2.859043654914258 -3.3478767696627805
-0.44764003035883687 2.1440737782622024 3.9429685394184575
2.5623513886635463 0.12308240906674307 -4.115933523951502
-2.7447799372075936 -1.5807021362209306 2.8207871896022145
-1.8834104857999205 5.90531596013525 3.443403905213509
-0.12479621103964203 -0.7042352382920627 2.475412272099134
-1.7745438406158087 0.4405142714246018 1.343322882642841
-0.3102922431726633 -4.713345830858004 6.906453433613538
-1.88839997520276 -0.29065572196521994 0.16113968714494348
-5.016913348756953 3.064219569633645 2.544491043758162
1.9858790692570274 -5.794323834790154 5.7411545062563345
5.768222804787767 -0.29417234837143774 -0.04127456919785613
1.9268341754678922 2.74624033704085 2.727312123702154
-1.0223398742294978 -0.5078241204138403 -1.6129884576889655
1.9736090035675056 0.45481353510487776 0.6183727930734295
-4.435423529089406 -2.700752727789857 0.32642069130598633
1.2772210530380217 -0.4990781395515657 -1.932382284915108
-2.582693800493861 -1.873958451892654 0.5523463943520138
-2.7784180504734417 -0.03657245984142687 2.2615225910534704
3.9123869859246447 -1.1011787241449253 0.754311727682584
7.2517073780091605 0.8757559891375077 0.7662047800860188
-3.005039950826856 1.7002778919948778 -2.5426847294876636
0.06434415711301927 -6.336012340579202 1.8328759693448848
-5.56300085845773 -0.9031152116280917 -0.47936443663324757
0.03382009170478743 2.1989913083368386 6.962479193127638
-1.1017177576876334 -0.7398176572398777 -0.9901236553402881
1.564890775695511 2.2829404892463114 -4.7084185000778
1.4296019364367762 1.2538620363771404 -0.7360236253230616
-1.7306327424137453 -2.7411828718262328 3.77636581867871
-3.009361352380614 0.9609254494166 0.669038750987596
-3.67064307794338 0.6814691105947202 -4.561739222563666
1.0932418509928554 1.7885652633626443 2.6380546072731197
3.844468717544157 -3.4677700798481847 -0.5988206219956179
-5.24988938547591 0.1238324225669607 4.416924450332709
-4.610362427315121 -2.285860080853216 0.13764172348233916
3.346476555798415 -1.5877220391162068 1.5651406414030968
-1.0577894678111026 3.4080558788348094 4.44027416156341
0.18619721719794055 -1.4865875354178097 2.06701405996415
2.4108519456091653 2.167358174173583 -3.609926542809927
-1.2436765398335454 -3.688479992582645 0.6741935889278934
-5.340024818606424 6.747411708199146 -2.3573657325400323
1.670394528337537 0.03952528644650441 4.156957109567597
2.466286961373893 3.4569032279327288 6.372865512432589
-1.5376290313686796 6.063194681939311 -2.55650769651491
4.552667041845722 -1.8035974412787033 0.15948551790487328
-4.891311916378414 0.8042388707170471 0.3884009897280767
2.1734019218838823 -0.0848857994233575 0.14078015259348486
-4.608407817017815 3.695681143271652 1.6525811776110078
4.319792910362259 4.040482972010382 -1.9222039217971132
-3.1746707961390555 -2.708024676815276 1.5014980345872537
-0.03208600252081016 0.8430753347766977 -0.8911820217280885
-0.6941921409046449 -1.818681928094861 -2.927799054016857
-3.0116040989490007 4.2445757267534185 7.569501389909382
-1.9592939920604895 3.42120940216497 2.920445159785067
-0.5467273065622786 -0.5164386690703595 -2.6694523919494464
-3.859316069183667 1.4360666247809974 -2.1541412304905188
6.401272986456907 -1.5428344461474242 0.9011066193739762
0.7473652165514776 1.0569341267112307 -4.198729100880027
-0.3631558299157656 1.1126947204738251 1.3677111457917537
2.3483467482712737 -0.6773822758857239 0.26251481599584947
-1.3282812005245392 5.418760619589733 -4.271951595582957
-1.5269469766189663 0.15296328746707724 -4.59898564022959
0.4001988506121381 -3.126854479705241 3.082185423475414
4.013855009771256 1.70061595677385 -4.001611675644839
-1.5935357930541418 -2.292620483549368 0.6059270673834182
-0.889385116730848 -2.4218337029132444 -2.664796310422088
1.2915353279974946 -0.22973451375669368 -0.14507555396976574
1.1278604979354063 4.528292577158595 -1.2135778878991996
4.711047111169045 -1.9927954588489765 -3.2933020411787397
-2.8409667892609844 0.251490426624431 4.613549428683105
-0.4550846239321952 0.695490273945104 -1.5913352329546475
-2.5627336165646795 -1.7481059757253816 2.349874653227916
-1.5089233467274514 -0.9965607932181673 0.4652282856691158
-1.02265416430753 -0.9480066814831708 -2.4544042737689087
1.0070395548022264 1.0980447224737784 0.6648250033453793
4.846425520797882 -0.21878170140397737 0.20754381144660086
0.7050171518354307 5.217099036816876 2.0332930094079305
-3.073328241590485 -4.334386132449548 2.8848437424207765
-3.7235714304145757 3.9551872702575728 -0.13277372245459002
0.018712611899148954 0.8682154480786816 -1.3265018579515373
-1.6506300949117114 -1.7522354227381505 -3.2663309617487406
0.8689282889792508 -1.8627846506920598 1.4856468785542367
0.8671328774426166 -3.6718089364633757 3.3953701858242336
-0.948689789907774 0.43580916360992666 -0.5740118719014451
0.19438735603707719 1.6478694007118433 1.2262114871522851
0.9206764520690817 -2.561131105523135 3.0987914175283544
0.2658223471707697 0.6031122002321408 -2.331929093255788
-2.7230335959587872 2.4326963121615193 -2.252923830628753
2.521737237641445 -0.9887004801216184 1.7342728310105677
2.006422997836628 3.0073044625179794 -2.6499762052579237
3.6746269560107656 -2.730044290657473 2.3726160939015
-0.3151274694008775 1.7808806680823788 -2.7034697041231794
2.851178397799599 -1.2210728923934024 0.34073634887835963
-0.6012021874807048 5.0360006555028 0.387732026014948
-2.9692706632792363 0.4653811155061103 -4.4457927199639995
-1.9440194582446313 0.6538434281345533 -1.8857413201332751
5.35268346835417 1.6615148614903783 0.1673059892709802
-5.962662032997314 -4.0013380290511105 -4.050390131382417
2.4650077327587105 -0.148154327182872 2.2022778917104926
2.932884864810602 -5.264780647359997 -2.5808561577763847
0.973082631820457 1.8581112691325739 -0.12326475118242053
0.1602537065280458 2.202807266669758 1.6681885430266181
5.698889876487816 1.6753876536894243 8.044136464913969
-4.709663402970775 0.9634503426073197 0.08940808038777294
1.6744518605788488 -1.8624265999495317 -4.841196114904175
-0.8729871407654789 -2.141446834723648 4.949139096739507
5.093781394009653 -1.904827395517262 -4.629651884471961
2.086828828668765 -4.335504243187779 -0.2732870125976481
-4.633874223275534 3.098941334492417 0.3446523919374511
-0.26597597973060816 3.0692371211858114 -0.24218758125232076
-0.2137738150770829 7.535628534982334 -2.763244787519959
-0.5836789087466387 1.2583398519352007 -0.6647893529414473
1.1766175035485265 -4.290241920764709 -0.08662441056873027
-0.6772003865565054 1.7971960442933792 1.2150791784926616
3.4040279652245773 4.0803365603801645 3.166326113513012
0.5698516781758429 -0.7690190819801991 -2.402376631354882
1.7000864165643 0.3083753292098406 -2.8029333033497488
-0.17209525080695062 -3.232764361671702 0.4882308976019683
0.28112689893556303 -0.5232789584404178 -3.7122991827421834
-3.5872705879207634 -5.64230594072672 -2.018955168889399
0.8974490329811026 -0.9715298332782449 0.1787782433908002
1.683970150948622 3.5258165241847728 -0.10966200786576524
-1.9898070769098724 -1.7878397059918147 0.8361888221748692
-2.4764555344692343 -0.13874582975894015 2.3162064465377044
-2.2610776761690192 -4.831183322496607 -0.7283423429644122
-3.359854133785523 -0.7764855640013937 0.9174348504434702
-2.374805839231305 -1.0661724243998525 1.6757969640020762
-2.462375978416589 -1.935411444936505 2.074478836311565
2.4506397860921676 -5.448515319158942 -1.9265621381560387
-3.7116979930543246 -0.14687915002077595 3.725473415465603
4.347787633311119 0.44800874654359296 2.4464564071625223
-0.697378114133537 -2.8361455743445525 2.854442896555644
4.775990110085159 -0.8417399774254672 0.743979750093798
0.9855945177983851 -0.4431992879457513 -5.095330263880791
-0.4734251582062775 2.001917171597944 2.7880962883763054
3.3201111911045778 2.3468893069422205 -0.2287926802444616
2.7985882811845992 1.7070742523034494 -0.3719142312224436
3.471999144132194 3.3040073675197683 -3.4689323435259056
-0.30444484349612017 6.39016313029964 -0.2682802994318987
-1.6857888938724204 -2.7355914707565963 0.9196272512093494
0.1366243810548591 5.667711422287854 -0.4182436710487647
-1.2433076828365577 0.30440645381887366 1.963981967764864
-0.5251306855583046 -1.2707976846114253 0.6440882387510847
4.833801812964297 2.220561664761438 1.6042895172481406
1.3151448249831226 -0.0005272986496687714 0.8509516564358135
3.9566979805042437 5.885497443737099 4.335099390795883
-1.0461345931056636 -3.4777135845836886 0.5626921943412967
-3.2064253742859576 -3.2640340738122235 -3.2358491958245037
1.322209888079397 0.7511760911437322 -0.7632155542717256
0.5370180715145474 2.4379120282022493 -1.1719938963499723
-4.211408293448479 -2.4485354079453985 3.267727345283416
-0.6161846633361805 -3.379496827869651 -4.509658925226817
0.4947635149089521 2.4391630730817955 1.1716173903038578
3.364057879121332 0.5898864002971062 -3.8057111230245626
1.8490755065985502 1.2880286766819333 0.3366339696316021
4.4964532735498715 -2.227596869975928 0.16515248314188857
-1.4236067937672021 -0.7677236421667865 -1.3248619893228593
-0.266028528925925 0.2545732181317455 -0.6653584852729024
2.3334818421540686 -2.4771362341397776 -2.721179422424034
0.47840994485876287 3.073805299679618 -0.1127387446727214
-0.16009984390112242 -3.151256226998093 -2.3384541843065434
-3.07851969180819 -1.7147226239165836 0.8568896932062092
2.0364052548596656 -3.4028619518595247 0.22466616947347312
-2.202774155151539 -2.994506569537847 -1.7242041204099268
2.901485757568297 -3.7497684507108144 -2.003299510333144
3.1619065171759195 1.6025293958788616 2.693047378855922
-0.9585212482162173 -1.5976258109867436 -4.73340296222256
2.7236886453009 1.4712806384627852 -1.9533535416384065
-1.8843315146418942 2.956560685492148 4.285991301780997
-3.7706118573142478 0.7932905973857153 -5.3559480987418295
-3.0322599229777536 2.5298855911206166 -1.2903389099731295
2.459774628288862 -3.667423976899243 -1.0893236303548448
-1.1178558054225296 3.1076252512108824 -2.270899405432588
1.100030520353624 0.38721954015082094 -5.033561588992805
2.7988752198949984 0.12787898938402517 -2.604966374312646
-0.958161145796224 -2.3175848250286943 6.838559268370937
-3.1388736423382144 -2.5741487432426555 -0.5217418457637311
-2.933479111308637 2.1749362891384934 1.6179459467847328
4.455084994013409 3.411704334112591 2.5246071780983304
-6.462101497601562 -0.19078342017537397 -1.047106059211899
-1.4429490477607325 0.5345314086876575 -0.46106903862494225
2.090971994068477 -0.2683552615951165 -0.27987474991056094
-2.3365022580016284 1.0197697660125902 -3.2310679699705025
6.829895903182978 3.344309850437588 -3.028908221611488
1.6330137315780415 -2.8712911864720048 0.38203172529888707
1.5850759057015453 -3.611113976513167 -0.7926048985854108
-3.8508713901355196 -4.117420867856198 -0.13043760709027954
-1.4595812724116097 -1.015688250712489 2.065596212334324
1.560722896200154 -0.11522227601995563 -0.8914452919057265
-6.239241820276411 3.2195162253377694 -1.3909766186579104
-0.44249982061658855 -6.313962813678758 -4.169090883788852
1.0413619588404377 1.973945036758915 -2.2702673584863864
