200
0.3837937648186236 3.0161924008147594 -0.2501964555658258
-3.041102764566943 -0.8600059823809545 -0.0025933894731936078
1.091400813693854 0.8693865985591535 2.506850768294751
-3.295501431970142 -6.114185663148038 0.9217823641076943
-3.4702155227671 3.0723343357665267 3.73699320421654
4.448382942442626 -0.027059791376531552 -0.7106400194180572
-4.497365578721033 3.0015012402317853 5.635334866621929
-0.4882787134883823 -6.1897489436010735 -0.9419262837873105
-1.6005147374509232 -3.8762250548733617 -2.915806347672112
-5.595109211403015 0.6795790327190038 2.595536939711428
1.7563248675151921 0.5000859858681 -1.6656396432441796
0.4301900499036903 3.799542652831391 2.8787375255822436
1.3576009800500883 -0.11998470517608849 -5.412071335805681
0.21561896830440358 -0.1871558038819588 -4.795216623189882
1.2205109604771904 -6.441568918655046 -3.244419090488442
-2.0640522308488345 -2.2386130135550983 -1.8671044590142263
7.051183943119036 1.3647335298689287 -1.2719390970171076
2.304065891277896 -1.6713317800613723 1.0580993457702301
6.370550160877627 -2.4454880536903367 -3.3025111074127067
3.4286493783046628 -1.3701063089881507 3.9368905373696297
2.97739418067026 -4.4216876270906 2.633815167650251
0.22488341208512633 -3.1730245515758138 -1.0931206401719695
-1.5894559581971366 0.9074313611849188 -0.474092128772996
-0.8968602006469029 -2.4142975829006255 1.0788992551109877
-0.12335286596498822 0.552536702540058 1.5870114891166975
3.7639712056318184 1.7382871352261144 5.842338752362156
5.490586062482713 3.345141460286288 0.9786860721440747
-3.1304001978227456 0.6784629093130418 -0.32035605933513933
-3.0779281591124223 0.5028961355568335 -5.244148426343692
-4.282589566901492 4.297669438340237 0.10347646172556621
-1.349166437127448 5.414339815847695 -4.1147752831326505
0.6020787474917491 -0.6297964361754561 -2.901665698468956
5.003665830402147 4.087511549213472 2.255727918730184
-2.0639475454530696 1.933558410722048 -4.628773766159767
-1.8247786833505386 2.2186959881338946 4.221800169188727
-0.22930317456611118 2.4354087540487073 -2.6158506364092524
-2.702792138459518 0.7822578553367705 -2.0503406500724473
1.4823690812880699 3.322829623421849 1.62763234415792
-1.6483074226521757 3.1462274438367763 -2.852747233752123
-3.2210027078919916 0.8801098970608918 -1.8319341397431281
-2.05103396209424 4.066101861386926 -0.12140589132270348
1.9516662764741228 3.3375364862422834 -3.5364197381059923
3.7894394803200075 -0.4793121430662605 -3.830238634193667
1.2094737516668486 1.3583686204815881 1.7857872682515288
2.7322094832227433 -4.079397554628184 2.685895231399463
-1.2453613647650417 1.1511548820664896 0.9507713732021286
1.1147783688374255 1.297416177109502 -1.1832689505885292
3.627929516345716 -3.7610237177456214 1.6120740151162367
-0.28187396836739886 2.5499373523045614 -0.3296775600355947
5.822649048344107 -2.9743883892140563 1.6729388983728166
1.0826548808365928 -3.5921743995464706 -1.1760093027423746
2.899467539725531 0.6556872474540416 0.2360713975767355
2.1422659730570124 1.14778914953301 2.122523080639701
3.959892594792474 2.143007468324399 0.0252023235671414
-1.6083461172060345 3.740516227826629 -1.9827336189928702
3.168296696423202 6.5517591361215874 -0.39209925361987563
-1.3811347306336077 -1.7329705377713898 -2.6587921554241007
0.21466814660441086 0.6021841674970534 2.8191138058043066
5.622299061243198 -3.2777564060747446 -0.16228280556109198
0.781763321837114 -4.82534273479832 2.0094424039267267
-3.4058295068510747 -2.9368243573064863 2.6528614863352624
3.9249518606789513 0.8293418397307462 -2.2669872415058605
4.942737655944295 4.1840139502321545 -0.43252233998227774
-2.7297151964258672 -1.1668533314080303 2.2002222104613476
0.8277092751667495 0.2282089276097882 -0.7293846100107381
1.6818893790914788 -4.763999657539804 1.0532987396924922
-2.0585622563871264 2.0508676119576554 0.47680640706822464
-3.4855444880169175 1.4335775958390327 -0.1617913702019135
-1.3275654523549483 -0.3925166806996438 0.2783093271836677
0.21952907977538758 -2.6672464276362433 2.4406698071018122
1.9774795513859753 -2.8300847113452394 -2.2010503663046195
-3.752600814575686 -1.8650517763931378 2.33839016336513
4.357066502744276 -1.9966920157932875 0.3295375723272169
-0.8236660451321473 3.48627446692471 -0.030008584244752754
-1.5425412424439575 3.1732198668325284 1.2287802045899832
-1.8362937555644219 2.011448977207451 -4.6399515300470595
-1.7165133890621707 0.12735847137309686 -2.823132453882627
-0.40411573280589913 -3.1954737994905806 -0.26090104837711603
-3.3391812436496826 -2.63891735287258 -2.2801991746811083
-0.044847383005611766 2.5204180360876363 -4.656795343677849
1.9765837709488616 1.0131080283648253 -4.97102744594013
-3.973251547144661 -0.16441986113978185 -4.314091758744496
2.2115205152866855 0.7768262567150177 2.4297066755826604
1.5973449314229407 1.2585718281287241 4.745432765763983
3.952262547003919 -2.5806731686332753 5.994526989646086
1.8715970459169895 -0.39853710411661064 -1.8569037224120062
-4.545241218598183 -4.325379484506108 1.7856555204830704
-0.8627246533463574 -1.5524703910573083 -0.3511726804861907
-1.0168254918744182 1.3729805829114734 3.4761440015816563
2.5538474518878975 1.378839328133433 4.189124354094365
-0.8490422552678019 2.564303529317444 -0.32095300933780047
-4.002892431997648 1.580549052126867 1.64683341597099
-4.643414149816646 1.3541241962962458 -1.1851967603453812
-0.892241474832791 -0.44594391369085834 -1.5599888253742258
1.8177000301973287 -0.6620601259323903 1.3603712993593857
2.4948416989160154 2.727920884380247 3.5799574621841193
-1.5800841568388382 4.334997522916131 1.2110961253659536
0.7611764712966759 2.172803191690156 0.8880787042598722
0.46207697405281706 -2.8130067867119677 4.6793622541004884
-1.136402449184674 -1.5761659420255019 -2.9288185198918986
2.344117112777954 -1.1119761002550004 -1.121193669826395
1.5255718236192473 -4.1185592080337425 -0.9735456541061266
0.7967730739083659 -0.486679485871239 3.3910013021020577
0.45152209208598454 -2.0076946110696112 -2.371524263389395
-4.374893274817117 0.7856192937777934 -5.443264868964198
0.7747427774683215 -2.775763744026721 3.582114839511861
0.9264389988147566 0.8316025721297378 -0.35790378216137986
0.2364329608603944 1.4532449840934623 -5.131275055249475
3.232864576512824 -3.4946412188284377 -0.5728152705245543
-0.9649750993150017 1.4001827791055212 -0.8822747087296349
-0.2753825406598105 -1.1669279793800003 0.6579655347494002
-0.0604385024336038 0.7536503586273047 -3.639153180341344
3.6350569385173284 0.9129022274208556 -5.411727597589761
-2.297517077941785 -5.070695725328207 -1.158205230587526
-0.4656628028313401 2.320913339888716 4.681437919800356
-3.677586626098352 -1.1548470002602578 3.4618466035404563
3.5979273584793727 3.2742364097199164 -5.349573938892078
-0.22270092605609387 0.6053061119455276 -4.233796248130473
-4.172643428015194 2.858063758524297 0.11400376517307449
-3.480685773239514 -2.866511391791036 -2.9689251782411525
1.2888994423373463 0.2207492926325838 -2.378007092642211
-2.5459437229785498 1.566678835311689 0.9013741683368237
-0.1731957319650014 2.2710539697123306 1.7533112232218961
-1.7678664209706705 3.223079731478463 -1.3450618648012695
0.9039517014094929 1.017761628552532 3.21017546917219
-2.4140654753460575 1.6845060620598995 0.5788797343974558
-4.620951890495268 -3.252026082553483 -1.1319568215935463
-3.2247214198421155 -4.106161823058077 5.8870895047972
-0.35796838629019373 -2.9856532431669107 -1.6639718607771867
3.1490664141595612 -2.727723124483877 3.1595376274163347
2.321926409828573 1.406261613908648 -1.43499981450118
-0.7479048535325723 -1.5954449218472615 -2.8810667649231805
-6.420864106970771 -0.20668406986046467 -4.3628996390751045
3.0066269316621828 -1.4717518656063728 -0.7191298514284041
-3.356853206896874 -3.989184967514392 2.2451184449310224
0.008069990651021448 -1.3301132050907407 -1.0905672021529427
-1.8729949268114903 1.6728960102846275 6.477317486751071
5.5201222592259365 1.737057277664063 -0.8588600720778516
4.172700621459656 2.779301374377825 -4.530894416046657
-0.550044286050453 3.334163057188125 -0.13127907488684448
1.524859453303472 -0.9407920806887548 -0.3619416440743102
-4.418215646437179 1.273251237354332 4.507026593063284
-1.960212791164525 2.7256305681430493 -1.9162144886941381
-0.18372737900697486 1.8011081679389134 1.4972448337735753
-2.816895849731759 1.2039907574920279 0.8502025262208337
-0.4330282487479568 -3.337565881185124 1.8937851902851413
4.976373997371429 -4.142854718714492 -1.5210037712351907
2.3549174465968794 -4.062964715263495 0.5860015615387083
-2.798335568070247 -1.4466069036111262 -2.566596902995428
-5.052855360720531 -1.374083365995375 1.8466495581363052
-3.166304708307229 -2.174394708359684 -0.1333017604210453
0.9412949228640037 3.1615142099354907 -1.4571976290351887
1.964099047512308 2.893666219802907 -0.537063671764127
3.6986881110184213 2.8617818993789643 -1.5894577497009723
4.266220711540737 -1.7056513832000875 4.094380375693946
1.2431200054918106 2.290898559513852 1.5774930835536283
-0.6678767799760739 5.13715399439513 -1.057956668681001
-1.321002802706002 2.692282807433929 -0.27383445469776696
2.41038421462021 -4.346846458282999 -0.18745741792226828
3.9622203001827723 3.9700143671019026 0.7250586398544876
2.8041952829696477 -5.129703191069692 -1.1248001413145676
1.8384595567745612 -0.06512147818089971 1.8010869005692132
1.4097228502026116 -0.31741627368307607 -2.5021192643858505
-0.7225433531325296 -1.998213911466951 -1.0646979307406548
-2.317033578986637 1.4290731321572006 -5.74230423762958
0.9659274414039871 3.5862622680905254 -0.7372497361830904
-0.23304238958828916 -1.046588400904419 -2.1077251225905145
-1.449701555299454 -5.555261062715133 0.21771749311669492
-0.7175835291005749 -4.569072328135136 -1.528912496696119
-0.2526532492345902 -6.393036396083239 0.18064384669522995
1.9158795540689852 -0.39570114934248635 -0.10447104453019622
1.4768873725567433 -6.023615317168003 -0.06061901278856414
-2.1600160935820836 0.022211455201466033 6.1068403029502125
3.274791570703966 2.789915026939381 -3.216134775088501
-1.4681836493227556 2.0240502852667217 2.8800980939095595
-2.962340298217868 -4.39435497895698 -2.9277192970331845
-1.516538430740659 -1.8950606234721226 -2.8600149027653505
4.913773337180782 -3.240571906782894 -4.332481737044112
-6.338392598349761 -2.383722382307139 -1.2936157033890903
-3.3536956173283436 -3.4475545378823593 0.48990818951331194
4.6045649950110805 1.3091954701531943 1.4828286414886778
1.1759831043193154 0.05134553036189725 6.192585455473781
-2.3666119135081174 -0.9674626436807789 1.3744863205815814
-0.8196730979695239 4.71011985119814 1.5031280494237416
-3.813422030178896 3.604138244264339 1.4199678746423503
-0.9816140970822657 6.265689066284043 1.4892267306400404
-6.2585914142772205 0.1698329400417134 -1.9225662575360276
-0.35305992506415623 -2.233424999928823 1.9766821473885638
-3.5985319905740516 0.8352834479752577 5.965832699012419
2.0087870339197993 2.005404460601892 2.471993535995608
1.3176814124263854 0.8330378024581869 5.146902437102496
0.5917583804240216 3.0776880766543773 -0.49969421471321435
0.23887127043557846 3.2577582289873845 1.6379268458586553
-3.299249076446068 -0.7731919402057538 -0.3866396878020325
-3.486751218646137 2.2010231333900765 1.5163769105639873
-2.026792137263855 -2.3880206301949385 0.3795913514848745
0.8395999555420051 1.5081595400885088 -0.6950518410537465
-0.9945728342538553 -0.32215052769011016 0.42283368721398684
4.358767408753783 1.8088392363762298 1.4439142225881214
2.7601510769226287 -0.4724761997853604 2.4202037061616046
